1
2
3
4
5
6
7
8
9
10
11
12
14
15
16
17
18
19
20
21
22
23
24
25
26
27
28
29
30
31
32
33
34
36
37
38
39
40
41
42
43
44
45
46
47
48
49
50
51
52
53
54
55
56
57
58
61
63
64
65
66
67
68
69
70
73
74
75
77
78
79
80
81
82
83
84
85
86
87
89
90
91
92
93
94
95
97
98
99
100
101
102
103
104
105
106
108
110
111
112
113
116
117
118
120
122
124
125
126
127
129
130
131
133
134
136
138
139
140
143
144
145
148
149
150
151
154
155
156
157
159
160
161
164
165
166
167
168
170
173
176
177
180
181
182
183
187
188
190
191
193
194
195
196
197
198
200
203
205
206
207
208
211
212
213
216
217
218
219
220
221
223
224
225
226
227
229
231
232
234
235
236
237
238
243
244
245
246
247
250
253
254
255
259
260
264
265
266
268
270
272
273
276
279
281
283
284
287
288
289
291
292
296
297
299
300
302
303
304
306
307
313
314
318
319
320
323
326
330
336
337
343
348
349
350
353
357
361
364
365
366
368
369
375
378
379
381
383
385
386
390
391
392
393
394
398
400
402
405
407
408
410
411
416
419
420
421
424
425
429
430
434
435
436
439
440
441
444
447
448
449
450
453
454
455
456
458
459
462
463
464
465
468
476
478
479
483
484
485
488
489
490
495
500
502
504
506
509
510
511
514
516
517
519
520
521
524
527
529
530
531
533
534
541
547
549
552
553
554
556
558
567
568
569
573
575
577
578
579
598
601
605
606
609
613
616
617
621
632
636
639
640
644
645
650
651
654
655
658
660
664
668
669
672
674
677
678
679
695
711
721
723
728
730
735
736
738
743
745
749
750
752
756
758
760
762
764
771
778
794
818
819
828
830
832
834
835
836
849
852
855
864
867
876
881
883
889
894
896
912
913
916
917
919
928
930
946
953
955
962
968
982
999
1014
1018
1021
1023
1028
1041
1064
1066
1098
1104
1119
1121
1129
1133
1136
1156
1158
1159
1169
1170
1174
1176
1178
1195
1199
1205
1211
1223
1232
1244
1250
1251
1260
1271
1273
1276
1295
1299
1302
1309
1312
1314
1316
1320
1322
1345
1349
1360
1363
1374
1384
1400
1408
1414
1423
1428
1435
1436
1440
1441
1448
1458
1462
1474
1486
1495
1502
1515
1544
1561
1576
1614
1615
1632
1635
1650
1667
1668
1690
1695
1701
1706
1710
1726
1737
1746
1758
1759
1781
1817
1824
1826
1828
1831
1842
1844
1852
1858
1908
1955
1991
1999
