1
2
3
4
5
6
7
8
9
10
12
13
15
17
19
20
21
22
23
24
25
28
30
31
32
34
35
37
38
42
44
46
47
48
49
51
52
53
54
55
56
59
60
61
63
65
70
73
74
75
77
79
80
82
89
90
94
96
97
99
104
112
120
124
125
126
137
143
145
149
151
153
156
158
161
165
166
169
174
177
178
180
181
184
185
189
190
195
196
198
205
213
229
231
236
237
240
241
242
245
248
249
251
256
259
261
274
279
281
285
291
300
302
308
311
315
327
339
344
345
351
353
354
367
369
372
378
380
382
383
387
400
401
403
404
406
407
420
424
445
447
458
463
465
466
468
476
478
479
488
496
546
556
557
566
570
578
581
592
597
606
610
625
635
704
713
745
768
773
775
777
782
788
792
801
818
819
832
841
862
866
890
917
918
930
931
932
937
968
979
995
1015
1019
1035
1067
1098
1101
1113
1120
1122
1135
1137
1161
1232
1238
1247
1257
1275
1291
1317
1352
1355
1374
1384
1419
1426
1458
1473
1514
1520
1541
1575
1579
1581
1616
1633
1636
1644
1729
1741
1752
1783
1789
1800
1825
1837
1844
1846
1849
1866
1875
1900
1926
1934
1943
1951
1977
