1
2
3
4
5
6
7
8
9
10
11
12
13
14
15
16
17
18
19
20
21
22
23
24
25
26
27
28
29
30
31
32
33
34
35
36
37
38
39
40
41
42
43
44
45
46
47
48
49
50
51
52
53
54
55
56
57
58
59
60
61
62
63
64
65
66
67
68
69
70
71
72
73
74
75
76
77
78
79
80
81
82
83
84
85
86
87
88
89
90
91
92
93
94
95
96
98
99
100
101
102
103
104
105
106
107
108
109
110
111
112
113
114
115
117
118
119
120
121
122
124
125
126
128
129
130
131
132
133
134
135
136
137
138
139
140
141
142
143
145
146
147
148
149
150
151
153
154
156
157
158
159
160
161
162
163
164
165
166
167
168
169
170
171
172
173
174
175
176
177
178
179
180
181
182
183
185
187
188
189
190
191
192
193
194
195
196
197
198
199
200
201
202
203
204
205
206
207
208
209
210
211
212
213
214
216
217
218
219
220
221
222
223
224
226
227
228
229
230
231
232
233
234
235
236
238
239
241
242
245
246
247
248
249
250
252
253
254
255
256
257
258
259
260
261
262
263
264
265
266
268
269
270
271
272
274
275
276
278
279
280
281
282
283
284
285
286
287
288
289
290
291
293
294
297
298
300
301
302
303
304
306
307
308
309
310
311
312
313
314
315
316
317
318
320
321
322
323
324
328
329
330
331
333
334
335
336
338
340
341
342
343
344
345
347
348
349
351
352
353
354
355
357
358
360
361
363
364
366
367
368
369
370
371
372
373
374
375
376
377
378
379
380
381
382
383
384
386
387
388
389
390
391
392
394
396
397
399
400
401
402
404
406
407
413
417
418
419
420
421
422
423
424
427
431
433
434
436
437
440
441
442
444
445
446
447
448
450
451
454
455
457
458
461
462
464
465
466
467
468
469
470
471
472
473
477
480
481
482
483
484
485
486
487
488
489
490
491
492
493
494
495
496
498
500
501
502
504
505
506
507
508
509
510
511
513
514
518
520
521
522
523
524
525
526
527
528
530
531
532
533
534
536
537
538
539
540
541
542
543
544
545
546
547
548
550
551
552
553
554
555
557
560
562
567
568
569
570
571
572
573
574
576
577
578
579
580
582
585
586
587
588
590
591
594
597
599
602
604
605
606
607
608
609
610
611
612
614
616
617
618
619
620
621
622
623
625
626
628
630
631
632
633
634
638
639
640
641
642
643
644
645
646
649
651
652
655
656
658
659
660
661
662
663
664
665
666
668
669
670
671
672
674
677
678
679
681
682
683
686
687
688
690
691
693
695
698
702
707
710
711
714
716
717
718
720
721
722
723
725
726
728
729
731
732
734
735
737
738
739
740
741
742
747
749
753
754
755
756
758
761
762
763
765
766
768
769
770
771
772
775
776
779
780
781
782
784
785
786
787
791
795
797
801
802
803
805
807
809
810
811
812
813
815
816
818
819
821
822
824
826
827
828
829
831
833
834
835
836
837
839
840
841
844
845
846
847
848
849
850
851
852
853
854
860
862
863
866
868
870
871
872
873
875
877
878
879
880
881
882
883
884
885
886
887
888
889
891
893
894
895
897
898
899
901
903
904
905
906
908
910
911
912
913
914
915
917
918
919
920
921
922
924
925
926
928
929
930
931
932
933
937
938
939
941
943
946
947
948
950
951
953
954
955
957
958
960
963
964
966
967
968
970
971
972
973
974
976
977
978
979
980
981
983
984
986
987
989
991
992
993
994
995
996
997
998
1000
1001
1002
1004
1006
1007
1008
1010
1011
1012
1013
1014
1015
1016
1017
1018
1019
1021
1022
1023
1024
1025
1026
1027
1029
1030
1031
1032
1033
1034
1035
1036
1040
1041
1043
1045
1050
1051
1052
1053
1054
1055
1056
1057
1058
1060
1061
1063
1064
1065
1067
1068
1070
1071
1072
1073
1074
1075
1077
1079
1080
1081
1082
1083
1084
1085
1086
1089
1090
1091
1092
1093
1095
1096
1098
1099
1100
1101
1102
1103
1104
1106
1110
1111
1112
1113
1114
1115
1117
1118
1121
1122
1123
1124
1125
1126
1127
1129
1130
1131
1132
1133
1135
1136
1138
1139
1141
1143
1146
1147
1150
1154
1155
1157
1158
1161
1162
1166
1168
1171
1172
1173
1176
1177
1180
1181
1182
1183
1185
1186
1189
1190
1191
1193
1194
1195
1196
1199
1200
1201
1202
1203
1204
1206
1207
1210
1211
1214
1215
1218
1219
1220
1221
1222
1223
1225
1226
1227
1228
1229
1230
1231
1232
1233
1234
1237
1238
1239
1240
1241
1244
1245
1246
1247
1250
1251
1253
1254
1256
1258
1259
1262
1263
1267
1268
1271
1272
1275
1276
1277
1280
1281
1282
1283
1284
1287
1289
1290
1291
1292
1293
1295
1299
1300
1301
1302
1303
1304
1307
1309
1310
1311
1313
1314
1315
1316
1318
1319
1321
1322
1323
1324
1325
1327
1328
1329
1330
1331
1332
1333
1334
1335
1336
1337
1338
1339
1341
1343
1344
1346
1348
1349
1350
1351
1352
1353
1354
1356
1357
1359
1360
1361
1362
1364
1366
1367
1368
1370
1371
1372
1374
1375
1377
1378
1379
1381
1383
1385
1386
1388
1389
1390
1392
1394
1395
1396
1397
1398
1399
1400
1403
1404
1405
1406
1407
1408
1409
1410
1411
1413
1414
1415
1416
1418
1419
1420
1421
1422
1423
1424
1425
1427
1429
1430
1432
1433
1435
1436
1437
1438
1440
1442
1443
1444
1445
1446
1448
1449
1450
1451
1453
1454
1455
1456
1457
1458
1460
1461
1462
1463
1464
1465
1466
1467
1469
1470
1471
1473
1474
1475
1476
1477
1478
1480
1482
1484
1486
1487
1488
1489
1490
1492
1493
1494
1495
1496
1497
1499
1501
1502
1506
1509
1510
1511
1513
1514
1516
1519
1520
1523
1524
1525
1526
1527
1529
1535
1536
1537
1538
1543
1544
1550
1551
1552
1555
1556
1557
1558
1561
1564
1566
1568
1570
1572
1573
1574
1575
1576
1577
1579
1580
1582
1586
1589
1590
1592
1593
1597
1600
1601
1605
1606
1607
1608
1611
1614
1616
1619
1621
1622
1624
1626
1627
1628
1631
1632
1633
1635
1636
1637
1638
1639
1641
1644
1647
1648
1649
1654
1656
1657
1659
1664
1670
1671
1672
1674
1675
1676
1677
1680
1684
1686
1687
1689
1692
1697
1698
1701
1704
1705
1706
1713
1714
1717
1718
1719
1720
1721
1724
1726
1731
1732
1734
1736
1740
1741
1743
1744
1745
1746
1747
1750
1751
1752
1753
1754
1755
1756
1757
1758
1759
1762
1763
1766
1768
1769
1772
1774
1777
1778
1780
1782
1784
1786
1788
1789
1791
1792
1793
1794
1796
1798
1800
1802
1804
1805
1806
1807
1808
1809
1810
1816
1818
1820
1821
1824
1826
1827
1828
1829
1830
1831
1832
1833
1835
1836
1837
1838
1845
1846
1847
1849
1854
1856
1858
1859
1862
1864
1865
1866
1869
1870
1871
1872
1873
1874
1876
1877
1878
1880
1883
1884
1886
1887
1889
1892
1893
1894
1895
1897
1898
1899
1900
1901
1904
1905
1906
1908
1909
1910
1911
1912
1913
1915
1916
1917
1920
1924
1925
1926
1927
1928
1929
1930
1933
1934
1935
1940
1941
1942
1945
1949
1953
1955
1956
1959
1960
1962
1963
1965
1970
1973
1976
1977
1982
1984
1985
1987
1988
1989
1991
1993
1995
1996
1997
1998
